4219
2893
2299
3200
6403
7872
8015
9395
7390
535
935
2317
5695
7040
2014
1243
1070
8259
6164
5136
5516
3967
7244
5774
7331
9522
7216
5390
2172
996
2452
3516
267
4817
6680
6514
3476
2577
2599
6831
6929
3894
4220
7251
4011
3729
5684
2058
7509
1473
4846
4722
3785
8474
5967
8603
2282
4830
7955
1883
4632
9322
766
6042
3554
3920
4352
5345
1206
2156
3318
5034
20
6805
2365
403
513
9650
1938
8037
9959
8902
7781
5980
7497
2793
4300
6002
3283
7877
1636
8924
1344
5578
9346
304
8214
4206
2199
897
3421
2709
6833
3354
6733
168
7775
7155
2020
3157
5373
7154
1398
4035
2893
2561
8559
9952
6295
5895
8116
6938
807
3222
9752
7830
5044
641
3210
6976
4545
8712
6859
5631
4269
753
2014
6948
6981
2053
7033
8831
921
6868
7239
5614
4203
6533
9503
8148
2755
7534
656
5985
4960
141
3939
2275
6666
3217
6674
9273
4323
5224
6615
3776
2395
1685
2637
9948
1827
477
8275
8564
2361
879
1135
2635
9378
2206
4863
2023
8774
9900
5450
7535
5140
1204
2789
101
1078
2932
2418
846
7056
1542
7955
4314
1906
2281
2844
2421
2013
6560
8023
3113
2562
3479
3184
7581
4790
2542
1600
7229
8194
3908
2600
5591
4214
3360
4291
8432
77
606
3278
114
7980
9781
820
3219
3653
3281
8641
3330
312
5538
2504
2544
536
2385
2928
5240
1787
8105
5833
2924
603
9561
3132
9566
5451
6165
9953
952
1459
2388
8522
5689
1852
2842
8813
9277
903
5858
4175
855
4551
2231
2603
9725
6575
111
5681
5152
7510
4133
7788
2823
4439
8801
7516
7351
7701
4374
1842
849
8140
8489
3498
8104
4003
9577
6402
8653
3213
654
5129
3257
2398
5842
6339
7302
683
999
1897
2475
6106
2836
8461
6898
5193
591
75
8551
8074
3048
3259
735
5004
5904
6050
2370
4341
1637
6024
6407
1851
6075
8677
8923
5490
8184
9541
2302
8959
8668
2443
6938
5435
2890
7217
1760
8100
6168
5597
4977
9325
5359
271
6646
278
8703
2470
4396
2342
51
7043
319
3188
1548
5846
3778
6486
7276
8292
2344
9760
1010
7978
6579
2286
1453
9323
5207
2157
1118
2789
1305
4739
3727
530
1721
991
5001
7515
6473
7819
5495
1910
3433
4462
1925
8816
6929
8990
8020
8629
6778
4978
6429
4124
8745
2262
7951
3488
5929
4967
4919
2633
7588
6783
7307
6602
1390
1067
7859
7603
2030
6327
2756
2294
1737
5739
5914
6726
1916
9582
7298
7068
6710
5689
3969
6260
3041
8055
2164
3924
4555
3640
5413
1820
4629
5141
9287
3736
6215
8093
4751
1603
6749
3054
5247
5238
5971
2496
1055
4782
7960
11
4394
3916
6322
7512
1987
3765
3438
1573
6786
5930
6209
8146
9934
6498
273
3113
3112
7699
6377
6379
5426
4927
5309
4996
5595
3755
7626
6160
9209
5515
1401
424
8545
1065
2128
2101
8949
1061
5028
4453
9803
8838
8176
8026
3125
3807
9499
2320
5938
8924
6520
7735
4689
7564
1775
4318
3454
7448
3668
7025
9402
6865
2545
3833
7211
8792
5413
98
1837
3623
5352
538
3123
3421
1658
8036
3167
1015
6375
364
3593
2954
1288
5846
2751
3532
1034
8239
2218
9458
9091
4309
1192
7956
6
7026
4315
7165
3429
1300
4782
8095
6846
9576
8319
9235
7827
2548
5774
7038
1578
8820
7360
9087
5821
9307
5920
8868
2111
3628
131
7901
6317
5889
7270
6152
8684
1768
6375
2811
244
6158
8140
9137
7384
2755
7667
2907
7025
8765
9175
6968
8119
265
9692
5311
2347
1772
6616
6441
4292
8247
3134
8219
660
1401
1048
5585
5110
7038
5888
2055
3526
4486
4971
6721
2892
9584
7843
7306
1303
9765
7807
745
3587
8481
5137
4159
9974
891
5612
9421
8780
5766
207
3683
2637
7841
1731
7779
5624
4265
1805
4948
4623
1982
8080
2050
3582
4722
9730
4227
5656
4462
3465
9557
2481
6879
3970
3074
1394
2477
8190
4165
8684
5532
1402
2199
5404
3132
9769
9154
5559
2651
2528
1895
1058
5595
8925
6634
7537
7918
4533
795
8010
4700
2217
720
1285
1719
4692
3821
5618
8054
7812
9046
1719
5294
4722
4923
4565
4767
2639
9810
5718
3034
8014
9539
4901
2368
5208
5388
2649
9558
7887
325
4239
5621
8083
414
4580
1934
7339
2756
3980
5738
8417
6466
2178
3151
8396
3076
5692
190
8986
1895
5401
889
9690
6413
1786
3347
2340
6540
363
1776
6630
5014
1949
5851
4235
4899
6721
3606
4842
6618
8386
6396
6937
8815
1968
4339
1995
6422
7045
6717
5101
5606
1781
8685
5945
5016
407
6374
1573
159
1418
3535
4379
5793
7526
4627
4486
7699
5377
8358
8726
2708
1210
4897
4320
5024
5509
6302
5781
2788
1891
6847
588
1121
8526
9401
4495
4857
4414
3262
1199
4423
2459
7624
4373
9547
63
9681
6070
4451
3335
8271
3794
8229
1894
8525
3242
9176
3702
8597
8763
2899
2252
5946
6363
4525
1718
1025
2079
7075
8436
6543
5350
5801
9233
9741
3942
2552
8556
4761
9073
885
7703
2839
9987
9553
6955
9540
7035
9725
2566
2027
4052
2470
2242
2352
6431
7902
8675
4105
8462
7451
9213
2477
6687
4393
2544
436
1523
330
1505
3327
7962
3070
6438
8801
7693
1470
3181
5722
8952
5345
9193
9780
2226
3394
6619
3766
2810
8825
409
1222
5744
8293
973
1883
1277
7771
1485
6433
5439
8328
7906
5654
7061
2674
4967
1185
4692
4589
2336
7074
2644
3162
4260
7924
2682
5834
9737
7695
4370
1312
1451
8571
5752
2228
264
2639
7363
7971
5083
9270
624
1700
6051
6451
4614
4358
1087
4411
3035
5445
9064
3089
6499
7259
9019
4256
4895
5635
8769
65
9626
1592
9805
2172
9099
8652
2450
5403
7271
757
3935
3465
759
7810
4791
6954
1602
1020
9009
4596
1207
2039
6649
6171
7561
1448
9793
6379
2246
5472
2871
5182
9798
870
4260
9837
429
4658
1311
9251
4957
5334
2828
9149
123
9479
7892
1182
3611
9289
1681
2991
683
202
1510
8452
3770
9492
4250
4617
7523
4022
1071
1035
5018
7356
8995
6947
9921
2394
9234
8781
343
792
8070
7879
7326
6599
2732
8309
8535
3810
7796
1313
5068
7280
21
1935
250
7829
6938
4159
1929
3464
8941
668
5258
6256
3791
6913
1932
2663
6177
7339
6602
304
7570
2106
5925
261
7637
2145
9081
2713
5181
4684
926
7581
3113
6625
1342
5742
9430
7440
8478
5819
4805
516
5354
3604
2475
8283
706
3070
2734
9970
3275
9347
2787
3098
1523
5126
2481
2967
9221
5412
6993
7414
2133
8678
4277
222
6552
8035
6898
9408
5235
2210
8379
4953
7455
7934
8731
3830
8758
3474
4687
8022
4221
4371
5454
4539
9389
2669
7109
6458
4639
8997
8067
9907
3092
8638
638
7434
5086
7864
2945
9379
4847
1906
7187
9549
4860
512
4740
3445
5037
2216
6246
3339
9524
9158
8742
801
6679
8895
7621
528
8875
482
9480
8533
2767
2234
9304
6521
1459
2065
6407
3070
5668
5103
4464
7845
9637
5040
6233
4556
8458
9651
9368
6004
8580
1614
6847
6433
1652
2111
1285
59
7118
4942
1379
3810
5004
910
1384
3566
1579
4882
4521
2164
4582
6556
2952
9540
1630
6992
7679
2703
9459
6232
6233
6263
6321
4609
1854
7486
8313
578
265
2368
3931
4092
6856
2477
4941
5245
8448
4798
6267
8655
1706
5817
7915
7293
7597
3136
8539
3238
6585
3283
6793
6826
7789
2566
5087
4545
5238
4189
4394
6571
7621
6819
9445
7122
4908
2474
2663
5771
3140
4061
1589
7500
4718
1458
8485
951
1316
2699
2800
8597
4283
7915
723
4174
56
1221
2339
3028
4076
7216
6650
7615
2125
8920
6786
1011
6322
7230
7533
877
5754
911
3935
4301
6122
5890
5352
1838
8722
9082
3186
6320
5018
4811
4963
8711
142
6634
4143
860
9875
717
446
4129
8053
6690
3493
5810
7710
9196
8820
7527
4133
1287
7308
1638
3313
4621
4170
1141
9385
1617
5092
9981
2329
5528
6782
1866
5427
1383
7081
543
7775
5416
4634
7894
7440
4214
1347
8597
8469
9992
2544
8252
5897
5979
6303
6843
328
5143
5757
8641
3534
1555
9
3999
9149
9365
6936
5850
6106
2306
6052
8399
2837
3747
6385
2338
8260
3000
4782
495
6827
9799
9892
3537
2105
8013
7663
7472
610
4917
6229
6085
8229
3286
9095
1802
9913
8742
4916
4220
4553
5469
7668
8850
9272
4388
3080
4584
3171
7692
1356
6020
3282
7003
9285
8841
5131
7970
5741
2665
9043
6826
7928
7014
1377
9052
5234
2625
2609
8447
4039
6100
9794
9980
494
75
1613
4094
3203
3916
2434
2422
9855
87
3265
6154
2711
4185
7025
4445
3726
6683
1296
282
8376
3783
4472
1450
7996
538
2842
7877
1844
3061
3530
5157
6404
4654
5863
2582
9701
5523
101
9625
8701
862
7049
3464
8413
7428
5744
6084
6071
4808
5004
3449
985
4557
8573
7668
6410
5752
7016
8779
4928
3315
5606
3818
2316
8766
7179
8494
8835
2545
4368
3146
6457
3100
9840
6967
6908
239
9165
5241
9498
485
6636
1116
16
8443
7251
5149
9089
3567
4701
9765
9087
6676
5608
9888
3977
1905
5772
988
1488
5289
1207
8397
7224
4629
8297
8829
4296
3981
9658
4033
8749
2935
4659
7334
3761
5190
4544
1578
276
6547
2015
4440
5652
2361
8645
2939
6479
9610
7454
643
8898
4031
9454
1270
9084
6845
745
6765
7140
7475
1868
5663
8195
6944
1094
1820
4688
4785
2566
4655
7975
1624
6882
8999
5845
7576
6993
2575
3314
7661
7942
9640
4619
6409
4585
8696
1898
4824
1123
4908
8165
6437
231
7193
6432
8677
1256
9360
5920
9857
618
1600
4222
306
6249
3574
5091
8805
6992
9759
1078
4830
8967
4910
8207
1096
4892
6200
6391
1322
7564
3916
9055
3030
1454
417
8505
7179
5405
2168
5750
6090
4768
8321
141
8533
2360
7385
6181
355
8165
9744
4607
609
4629
5017
3251
3250
6346
3322
9878
519
5655
3923
6773
9802
391
2300
4752
3780
9658
2279
1878
31
5276
5733
6920
453
1108
6005
493
6567
9350
1126
1410
8794
3077
5549
8875
7307
6217
2514
6811
8355
2552
8741
7932
5494
869
5278
6347
9910
5026
7970
291
1268
5442
1153
5092
902
1200
1485
8192
2084
1638
6373
6530
3341
1259
9183
9371
1414
5371
4964
7034
7074
5908
5604
199
8062
6267
7243
1229
1859
313
2108
98
5646
6534
2249
4324
4636
7168
1765
2849
5791
6440
1312
9411
1022
3113
6834
6
9224
2982
9891
7783
4601
942
3350
9179
4037
2351
9510
2010
4081
4084
8857
6646
6497
4012
8897
8812
5084
617
2129
5845
1995
6849
8797
249
8113
7189
9962
6241
9797
8972
7124
9879
1770
3963
8958
444
6047
2547
820
9814
1074
5895
8797
5188
7728
9016
7469
3056
8088
4239
2294
2496
8797
2230
6734
9416
4826
4179
1259
5727
2031
754
6795
4012
7098
9694
7937
8798
9377
7372
2969
3733
4284
245
6989
5536
2352
7501
4912
1604
581
6900
2839
789
5593
8809
9480
708
1885
6454
8250
9941
8157
8524
5964
9340
5757
9516
2129
6468
1279
8878
3417
5276
2177
7090
8508
3614
5444
49
2559
6348
4247
558
1736
9017
8705
8095
3470
2258
7678
3058
7034
8599
4449
382
6826
410
7975
8919
7844
4755
4732
3021
4936
3021
5207
482
6798
6705
9024
3910
4190
7789
9651
945
7518
3312
3324
3052
2694
6932
6609
348
6367
5593
1951
2364
218
5450
1517
7766
5870
6494
4957
3405
2233
7678
2193
1066
1511
2078
7722
2082
6656
201
4411
8320
2668
4077
5452
2228
7458
5552
9786
7143
1758
1230
4428
2762
5040
4880
1009
5162
9921
2923
7669
3762
7505
7346
5235
2238
7276
8232
6227
1911
171
5366
4420
7407
1638
3269
3813
7867
4759
7017
8798
936
842
8011
4428
7835
5808
5649
7577
8089
4403
1227
1033
48
132
477
6992
1792
5472
9652
4962
8842
1969
1143
8419
1043
5569
8684
828
5620
7481
6787
3583
9682
7959
2451
3058
2629
3422
9439
4503
7351
4119
3925
7468
6811
3542
3635
14
1959
8951
4998
9289
7935
3415
1184
7370
2063
2575
981
8949
4725
603
259
2578
7225
7993
8811
5042
8714
8525
1296
9552
4567
6130
3387
4563
8454
1754
5880
4912
324
2342
4337
4236
3226
6833
9621
7070
9032
966
7717
3491
3297
9891
5563
6828
7010
5077
2519
3026
5152
9970
4823
5081
5549
3430
7250
7858
1255
6485
7265
9642
9965
9888
2522
7232
9455
5650
7835
2980
2785
1802
4576
699
8683
4883
2081
9199
4144
6782
3482
1619
6377
4929
4152
6692
8366
2665
9101
715
4864
5131
3825
3040
6950
7113
3365
1880
3393
1696
1476
9102
4110
2493
5497
5008
6584
6128
6615
6624
1032
472
8409
5291
1546
1406
9783
2391
8733
5550
2625
8901
2550
8240
1147
4998
3393
9893
902
7993
3894
9325
646
7330
8724
9749
2709
8023
4285
4957
5283
3796
541
4328
7480
3294
807
1453
2008
9332
9150
9610
3858
7650
7534
3272
6453
8063
9653
7481
6992
9703
7073
5886
6676
8131
3254
853
3895
4803
2652
208
3880
6237
6387
6753
1786
7487
3844
1377
3872
5665
1718
7344
5955
9798
6986
6214
2771
9457
2067
8344
6823
3733
8325
4422
1938
4276
3113
642
9141
5513
490
187
6795
2129
7279
583
7012
7203
3589
767
2402
9025
1993
8228
4778
5590
3071
8415
8919
4383
8081
4422
2513
2919
9479
827
1796
6987
2320
1406
5137
7084
3067
9827
8046
1746
292
2846
4234
9709
1390
395
8561
8359
3817
1034
8872
7062
6241
9511
9702
4350
3267
2920
5680
9762
7372
1599
6063
522
6975
4719
927
2129
2051
2140
4391
1878
1527
7563
6960
546
2627
9880
6419
7817
4252
5335
1092
9641
3683
978
8389
6784
3836
1793
8936
1834
3910
1335
3285
1895
4331
4553
9972
7739
1509
265
6088
7983
6939
449
697
8390
9319
6812
9147
4778
2182
4142
144
84
4619
2259
2103
4250
3888
2901
9055
6146
6618
5415
7372
2677
3751
4894
7524
1663
8967
6656
7031
5795
8565
6660
7945
4507
7776
1161
2478
205
1610
451
5536
8922
7100
4688
3968
6720
8964
9672
935
4431
668
659
6231
1336
4088
7844
8659
2016
8748
7315
7943
1605
2807
1385
6533
9320
4992
7636
9454
9240
8636
7498
3402
3840
2601
7979
9108
5206
8923
7023
1364
8452
2336
9294
4378
1443
1185
8910
5396
9651
2391
5879
1644
6584
3304
6995
1617
2735
7389
1313
6417
7886
2177
7512
3008
5673
6584
6408
9287
3168
4425
9437
4524
9750
1242
1837
1337
5692
6390
7249
2716
5132
3934
3824
5979
3314
9241
470
81
644
7353
7683
6505
6291
9308
2416
4022
6281
1435
5677
461
1858
851
358
5520
5768
8477
5988
6712
5910
8716
1471
1646
8366
499
7553
3398
5526
272
1846
4952
2492
361
5984
5340
9883
706
6550
2834
8102
2680
4044
8843
8033
7708
686
8247
2303
8111
5383
2812
4293
5303
8382
5023
2717
5051
6335
1731
6408
2289
8344
9643
4059
5313
7754
6109
9930
2470
1471
4086
3810
3921
7803
9188
9247
889
7642
5043
5038
5523
713
3943
5101
5657
6465
4915
1903
5274
2526
2548
2827
5199
6943
1006
4964
4501
8806
4945
1828
1820
3582
7494
369
4107
4540
7820
7873
3117
6381
9737
2810
6284
9759
687
3234
5016
2301
1646
6773
2036
754
2607
1765
3454
7919
8820
5980
7865
8183
9354
1997
5401
3847
7432
4952
826
5459
7879
3644
4669
5628
1549
4550
9295
4381
2471
7608
2296
5381
19
7589
205
5871
1943
8073
339
6956
6802
1878
4865
3235
7885
7913
2400
463
8478
9018
2274
9958
7545
4786
6620
3353
9666
5255
3041
1831
6067
4243
4588
8557
9974
7123
2697
1624
6801
7275
5953
6331
6268
567
6177
8028
959
4988
9462
1592
4684
5900
3494
9127
8598
7000
9902
938
1389
3745
4340
1265
8871
3207
5304
8649
3373
1954
652
9858
4751
7807
717
8319
501
3986
4892
7063
1171
8346
2990
1192
2231
6674
9404
2715
3491
9011
664
2914
6481
4039
349
7278
7976
5272
7921
9166
8858
8247
3066
6913
6407
3705
9049
9565
18
2715
6472
440
9357
503
7020
4899
9187
4127
8439
3814
9106
1493
4829
4246
8612
4877
5504
4051
3208
4314
3370
2239
3922
3013
2550
2313
2971
509
9388
247
8406
5864
215
6082
5409
423
2005
1707
7028
295
4874
1724
8905
8932
33
6841
1240
9208
8321
7460
9485
5649
9383
784
328
1617
8790
62
2273
4191
3432
5283
950
5611
4767
8139
6867
6590
1052
4774
9261
7631
8123
7952
2827
8498
2169
9951
1537
3708
1251
9685
6906
1185
2669
4469
2273
1710
2716
5059
4156
8835
1857
2084
1126
5272
674
421
3080
512
8022
1655
7091
3867
2460
5799
4636
5509
6601
2508
7812
4492
2156
4362
979
3087
6560
3203
4257
1649
4605
9293
6241
989
3723
8463
1642
9188
5221
6149
6194
6129
6598
6499
6905
9438
7378
8613
544
368
9395
1237
373
2988
4367
8006
588
3437
2434
781
3451
4270
8430
5040
2690
7233
7755
8038
4293
8018
540
1790
3255
9654
6752
6956
1157
1309
7553
3390
9996
9510
5117
3405
6840
706
9183
1038
8922
9712
8506
5112
2852
6216
5665
544
8756
8547
1093
5920
4364
2215
2235
7206
6890
8833
5833
6824
1881
6779
3310
3990
3954
9469
9099
6168
80
5919
738
5894
1071
6124
3193
486
9616
8979
2395
9056
1980
5063
9787
814
2898
4551
6822
9887
1695
7367
5156
5162
4905
9101
6234
5104
3592
2360
3568
7034
6817
3849
5866
1218
7425
4550
9509
7245
2546
8068
3424
4949
3757
7618
3124
4709
1756
9877
7793
7262
4618
2269
6758
199
4938
246
1644
7729
6481
6250
144
9976
9809
7812
1884
8549
83
5792
9569
7136
1935
1310
1315
7651
9323
7926
1697
8170
2894
6645
8607
6871
1040
6373
4706
9842
4048
1019
1607
2557
9537
6953
4304
6309
5282
5748
2076
8740
6009
1376
4578
3492
8555
8935
2442
8190
9050
9208
6360
4016
7595
9436
5382
1773
3091
2980
8332
9551
78
2911
6703
5944
4060
8344
2563
9333
1241
5835
7326
867
6727
5672
8587
9676
1481
1712
9032
2618
4510
8956
5517
268
4649
5822
5432
2886
2729
8223
2857
8706
3050
823
103
1781
4695
8571
6222
5629
905
5728
9926
9926
6641
3021
1377
4108
6702
7359
9856
6154
1260
5927
7058
657
1049
7886
4699
9380
7861
2984
3693
1632
9605
358
1333
9721
9668
9509
7828
7408
6199
8037
9880
4321
7083
2612
2407
5576
9278
7832
8808
9875
2870
3739
5822
5219
1778
4560
1969
5068
6187
4309
842
2524
1926
5041
5995
2952
7657
5628
5961
8690
7319
2270
3512
2135
7914
2815
241
8644
9804
4622
6706
7865
8850
2350
7442
214
9270
2138
8207
4610
9135
1768
8870
2330
1855
7163
3295
1254
4985
4211
8274
1719
6812
3968
3497
9085
6737
5044
8452
2053
6317
9670
51
688
7459
7074
7860
2846
4665
189
2809
1241
9045
1559
8725
3183
3141
4905
1411
6567
1336
6062
7314
852
4331
5566
8625
2423
5668
5302
8883
9102
2261
5219
4767
267
7949
7244
984
8832
7121
9312
1315
2438
4690
8260
8778
1133
779
3215
6076
4526
1210
4737
2846
2908
7656
8237
2147
8281
3959
7144
5859
9140
839
8218
8779
15
2164
7009
7408
8415
6528
4276
7217
1694
7209
5269
2313
906
2934
8128
6190
8640
2947
3552
6953
9715
7222
5457
8914
8870
5342
9504
6935
6570
24
7438
7816
9328
973
2115
9539
8880
1595
6176
4407
8226
4509
1005
5047
7322
1850
2961
6157
5025
5384
5711
1048
1582
5034
253
3123
5571
3117
2272
947
2724
7467
6900
8045
370
4778
2488
8706
8214
517
1990
1961
5513
8660
2031
4631
1311
9098
9013
5261
7765
1131
5730
2957
9312
6136
4998
2826
8356
9017
3230
6124
7958
1605
4719
285
297
1441
2547
3155
4452
6067
8426
4842
1397
1873
8305
2893
6255
7115
6256
241
3199
1138
3165
6863
797
6355
5007
8699
8397
2516
6253
1029
9444
2666
4740
108
3880
1925
6503
5322
5105
7737
8721
7072
9724
9945
5334
2766
8094
8721
295
9375
1188
9520
8581
8719
6153
6256
1980
7002
2418
4996
9105
8403
5411
6222
6167
7645
4276
2538
8570
7274
9678
186
1006
3517
8144
2526
7522
2542
8334
9279
4846
3402
4232
4137
1692
8179
1081
2179
2883
315
230
6796
9805
7113
5206
2052
4219
4214
7025
6660
975
4503
7697
3339
2214
503
3797
854
5720
3871
9205
3194
6840
7013
8287
3921
4583
9647
9712
9023
677
7874
8606
5728
7047
5244
274
1089
676
5945
2067
1175
2297
3414
7933
2303
7453
8688
5985
8531
8798
3448
5222
7638
5162
5429
6845
7357
7098
2534
6498
6473
377
3811
3742
6597
7426
5886
953
376
6263
6940
4525
8872
9022
7034
2311
5420
7366
173
5078
9083
2807
5722
1365
8726
247
7887
1173
6767
8121
8892
4883
2373
9776
4049
58
5693
9426
2182
4321
574
3864
6721
2565
5545
5649
3607
3729
6596
2037
706
7353
7377
3479
6603
631
5871
5556
6213
4892
1053
1865
1062
2440
4134
2673
8274
8533
3726
5163
1541
1246
7959
2634
3565
8605
2000
1670
706
3969
5771
5583
8691
7006
4986
5378
9951
7119
5877
9781
8428
6342
5178
8156
8583
8884
945
4062
7032
437
75
2529
4401
6498
4375
2129
6596
5722
6416
2512
8446
3754
5558
6344
372
9625
5896
604
9640
257
619
9164
3912
823
810
1383
2419
9868
9418
1595
3913
2476
2648
4968
8638
5379
9793
1794
4826
8351
9725
7349
2000
9249
1417
6003
6281
9069
6160
8873
7133
6577
3654
8800
5357
9811
9121
6271
8319
5410
36
2413
23
6270
9
2724
3103
8676
6602
4113
5779
2770
283
6408
507
5177
4360
6885
7382
528
247
1613
8255
8852
5690
7555
6751
9917
5683
294
8559
2220
1636
951
6375
1265
9234
2537
6696
9673
965
6769
6467
5397
9103
5021
5972
1798
4486
2081
3678
5908
6736
2844
5492
9133
6410
4809
161
1530
5765
3058
7285
2541
6685
5774
7629
9127
375
6107
7502
2327
1319
8471
9485
3709
2363
8
8814
9324
9752
3500
8615
7293
4367
6906
2192
1984
5163
6231
1129
8270
3481
549
5063
3242
9061
9958
3741
1590
1373
654
6644
1361
9476
3782
4167
4974
2725
4557
4221
5248
9218
5577
1475
33
2024
3787
4165
5138
8816
4065
4617
2349
6757
5285
3625
1430
8157
7922
2027
3424
4039
950
5726
8939
8863
5267
9203
2059
1568
6384
8678
3701
3415
4205
3815
9298
2719
6835
6730
5878
5775
1050
5239
746
1676
4164
3214
9365
5500
1222
1723
8857
3193
4391
4529
8922
781
3697
327
5305
5440
8037
2956
5967
5420
4027
2952
8165
2329
775
8320
1200
2698
2502
4261
1066
5346
8568
9322
4139
9444
2552
9905
7719
3351
8358
401
2977
6850
9221
405
1469
9913
7648
1508
194
8228
7304
4888
5390
9624
5625
2253
6404
9141
9195
9944
2545
4508
2163
4850
5709
6970
7881
6128
2188
7493
8037
6144
7924
9601
6131
9058
1432
2928
9253
4672
3203
5540
2903
8892
9425
4834
5646
1413
6519
3013
5818
2085
5107
2652
3659
2345
6046
8977
1279
9502
2461
6215
7353
9605
471
3727
7518
3874
8641
2023
728
3767
7029
6144
2525
5160
9297
1130
9594
2971
5340
1374
121
4222
5331
3832
915
9092
7586
1855
9758
2589
9374
6258
9414
6209
4943
8176
6362
201
7242
8356
2238
3451
6492
1707
9502
3184
4436
6532
3170
4019
1767
1924
2220
9368
343
5794
7294
6870
1853
7013
6201
2210
7699
1176
8305
3338
2046
2551
8396
7947
8121
2714
9593
7792
5277
8987
5901
6855
4188
628
5608
3841
1997
1722
118
9622
4273
9936
4786
7139
4676
6698
5029
850
8287
6799
1340
7523
635
2601
328
6140
8416
1021
6238
3866
4795
1921
4094
7571
3454
5231
1169
4266
9009
2005
684
5662
7110
5045
7602
9136
5226
8704
2421
7663
2647
8954
3484
6305
7799
2714
2673
1664
9747
4673
2033
9742
6154
8148
3670
9479
7197
1735
2066
7474
487
8472
609
3891
3289
6917
657
2576
3411
2780
8206
9966
7311
445
470
1031
3720
5613
7003
4938
3576
1178
7015
0
9374
8918
1177
22
4590
2418
7101
6604
643
3080
5530
5097
6448
5541
3125
3144
6628
8769
8788
1747
635
300
4076
2554
385
8247
1451
5184
6209
4220
66
1299
6652
6268
8858
870
4870
1139
7288
7340
7642
7657
4539
1843
5677
727
4161
7179
6624
7252
5385
770
5743
5916
5172
8685
2230
5692
5221
8036
5411
1324
5399
5227
8407
3593
8798
7657
6471
4334
9061
9591
8447
7262
2855
8182
8885
4497
5465
6445
5723
3689
6836
1758
3198
1119
800
3732
7132
5023
3932
6524
7730
1757
5707
2268
3251
7938
6184
5652
4101
6007
1514
7440
9398
781
6370
4455
8476
7318
9665
1155
4105
3427
6887
8301
5229
4427
8902
3444
1078
3429
9637
7914
2706
2979
3120
8459
8981
283
3389
3291
5574
2066
7833
8251
8803
1255
3281
9944
6965
1098
125
4960
2799
5495
2406
9761
9680
3091
4504
8256
8600
3586
7891
2979
2391
1106
7788
2220
1136
9431
464
7170
7516
8660
7928
989
1483
3459
9479
6030
1270
1569
9281
4425
4080
6441
2438
7040
4699
9355
5308
317
6070
6105
8555
8555
6932
606
8721
3058
2584
7419
5510
3837
4364
7151
666
7338
7217
4035
2922
6253
4097
4591
2865
593
288
9308
8171
5100
6673
2375
5909
1390
8869
9119
8368
8742
5342
1787
7797
1265
6081
3115
1458
6816
7178
5801
6482
1908
4794
3211
5275
8761
1435
8201
6433
8684
5588
1717
7400
6107
8087
8700
7078
6423
3304
3175
9831
7640
5161
222
6026
5838
7040
8282
1913
4079
1274
5381
2310
8209
6312
6513
9840
7430
7960
6001
3189
8815
6959
6376
8961
7695
3089
6652
8021
8941
5923
4215
1859
8965
2712
2074
5686
3516
2792
6301
8686
3325
4495
5959
8633
4389
3441
5335
9581
9960
3947
5229
1281
3213
1781
9752
2604
3485
275
1981
165
9267
4059
5376
9577
8833
369
2435
2827
3215
301
3480
6758
4192
8894
8692
6158
7571
3928
7394
4949
6402
233
8048
6169
5275
4778
6954
8826
3321
2369
2002
2170
6462
115
7961
3997
8383
8182
253
8479
6988
4964
5598
7157
154
5755
5006
3803
5263
1010
8869
1821
2906
4678
8462
1521
2412
3187
1810
6865
3991
5694
879
4455
7681
6959
4740
4482
2149
636
8284
7525
1094
8672
6228
9150
2641
6730
8091
2515
6174
1186
2773
5704
5890
3718
5979
5998
3445
467
5171
9941
8731
2079
7176
8722
4769
9075
1478
156
9909
470
452
8848
1586
4501
7582
4005
3079
7503
6365
3242
7283
428
9830
5931
3200
6621
8668
2338
3433
2830
6530
8649
3560
4200
4305
1582
6512
100
5522
8688
7124
8570
9641
2342
7427
2423
7599
8879
9985
2029
1018
5204
2083
4164
2059
1657
278
1998
7427
6802
6700
1480
9267
7026
7812
653
3247
6703
2725
8949
4238
8610
7783
2682
5728
6362
6238
1643
9564
2400
1155
5657
4709
9253
2369
4751
8873
8663
2377
4190
6950
3618
4595
2262
4745
1348
6209
689
8164
1065
2097
5034
9691
7941
3248
2331
6748
32
6629
9492
8089
8491
8193
8007
1506
4368
7553
2847
2099
4440
3677
8385
3304
2615
3201
9259
5449
2545
5829
2458
6054
7152
9178
183
6832
4717
4340
9729
2065
6124
3295
4118
3849
4596
2495
8250
1638
6283
2120
2507
943
4081
4198
2907
93
1731
8490
268
615
5824
1090
906
7656
4536
1476
721
6031
3695
359
9584
2323
6081
7613
5621
9281
1792
3569
8392
6659
1257
1417
7460
7631
2437
9032
8352
1241
955
6147
6219
3606
3891
5517
6
382
8341
274
4235
4653
6847
4989
6795
3286
5493
7494
6390
324
2131
4347
3539
7551
1038
7481
6656
9351
3689
2791
5651
4113
3028
9519
4366
7323
6574
5867
2881
3452
4523
6984
6634
7453
2736
905
3991
4575
5483
1787
7180
887
448
2352
8288
8637
1087
6843
6402
7229
8001
2599
5705
9255
9088
1427
7176
1225
3110
8686
2609
583
9070
9563
3888
7892
5095
3153
3176
9584
9015
7586
3340
3486
7996
2454
2803
4561
7278
3779
4462
770
992
9947
6870
2369
5685
3282
2286
1925
4335
59
8216
4881
8738
6350
4883
982
407
1224
3698
7599
3117
3854
4888
6941
6074
6415
4191
9311
464
9190
4409
2877
4890
3929
6845
4657
6725
3345
3571
9043
2268
3190
7707
1168
7467
789
8135
9750
6325
4369
7032
1551
7905
7124
4982
8615
5951
8496
2986
1131
9513
8567
9221
320
8852
3203
7828
9053
7734
7827
9755
7335
3121
2946
1693
3335
7037
2757
9614
537
7460
3857
6944
804
2343
1639
345
6417
7839
7038
7622
5834
9373
1947
4201
9504
4610
5822
8765
3065
7754
3964
362
6788
5939
1765
2292
3722
7997
8882
1614
1907
2825
9405
4700
9586
1395
8860
5622
5214
6284
4795
7672
6814
2336
4837
1014
1089
4935
4959
6413
71
4375
7569
8389
2639
3718
1570
1682
109
237
6766
2842
2391
9704
3367
7777
8429
9913
1414
6047
9492
8141
9724
6020
2653
8663
6409
4578
966
2840
9784
9720
1964
3824
789
2079
7947
157
1772
524
3909
8434
1856
7670
4554
7412
8292
8210
6106
5214
2761
2155
420
7892
2757
8845
7770
1476
684
256
9156
888
5086
1377
8349
3240
8125
1660
7853
3485
4920
8742
7860
8896
905
5671
8832
4785
1288
789
8908
1796
9546
1035
3637
3797
1562
8200
4313
7372
5793
3892
462
9484
5909
6222
5197
5189
636
1536
41
4025
8555
4276
3856
6812
2687
1376
44
2964
807
1836
1366
5696
5884
9636
6969
2213
1166
5097
622
2115
5293
6626
5881
1495
1873
8561
9247
3530
3942
4608
1475
4374
2823
4329
9452
6664
9765
1365
2739
961
3893
8652
2558
9094
8708
3675
8869
24
1511
6132
8350
286
3091
2671
8345
3278
1109
127
1866
5178
6304
6767
8510
487
657
810
5451
2105
6688
2650
7449
5707
7733
1433
9255
1035
4917
6819
316
9841
2808
5213
8859
6367
4887
8094
5698
148
8343
8715
4047
4987
365
7041
7054
4561
189
9339
6644
8180
3715
8388
8481
6646
9789
4086
8310
7457
3235
7249
4851
612
4180
455
8155
8028
3358
804
4359
3662
1770
3803
7235
3808
7810
5211
6921
5175
5007
2320
9144
8411
2499
8406
5328
1159
5872
3753
8589
6269
1523
840
190
9926
9169
1847
4865
3415
5132
723
1981
9823
2193
9201
7179
9677
5794
2368
2577
4638
6779
4637
764
596
819
2596
2906
1826
3153
164
7682
6580
7976
8204
7024
91
9105
5841
2161
6310
4339
97
6327
2620
8258
6338
1705
5830
881
7060
9979
3594
5717
9077
9061
3809
3047
3715
8114
6410
5717
8428
4376
9064
359
929
4942
1318
3353
4233
6383
4219
5257
3170
314
7673
7583
1874
2483
9135
164
9915
8858
1070
576
1421
6870
6008
4132
1158
7117
1316
4097
7748
3330
6974
67
3563
4588
8556
5533
4690
4063
4332
5986
9640
8810
2025
6701
5940
700
3468
1774
8442
147
846
2034
5385
9987
955
2013
5905
6111
9779
55
994
2695
9227
8000
335
1406
3792
8497
1794
8486
3483
4049
9257
2538
6880
4192
3774
376
3505
7988
996
3450
6911
3837
9933
704
2096
9095
6568
8347
700
892
8440
8504
4001
3251
5600
5751
5527
1641
5259
4646
1262
2906
1128
2671
947
8972
4322
60
6290
2185
3885
6946
645
6263
8204
3361
8586
6613
5664
3702
8562
7108
347
8378
4550
79
7395
7291
8308
617
8674
1861
8072
8626
1465
4541
374
4485
1429
5930
4979
7713
9402
8160
1683
3826
8940
1162
1788
7243
6044
1795
3178
8643
5727
1058
8220
8649
5531
3888
1196
1141
9882
8422
8220
9356
1457
1911
1180
2639
9162
4104
8472
1297
6862
6344
509
5299
2095
9728
8524
3182
2960
5768
1335
956
760
4418
4857
2980
3739
4760
1827
6144
7417
3901
1616
9421
7219
6722
4505
6350
663
9752
2405
7532
9293
7485
8376
9742
729
837
9373
7185
2769
9734
2862
1445
9753
3792
8544
3732
6362
967
8459
5264
4929
3631
5767
2567
819
4114
9075
1829
4782
5552
1438
5223
7595
1876
712
3079
4256
3855
3603
9897
3618
3124
6707
6513
6695
5119
1428
910
7193
8291
6683
1191
727
8814
4757
4433
7846
2667
2699
9482
3540
5059
7495
6565
5757
7009
8800
3394
1606
1121
2929
137
8999
1524
1561
8291
5702
6643
1707
7622
3006
9181
5989
251
6255
3408
4877
509
6174
992
2887
3599
3725
9062
7412
2762
2726
3975
3189
9475
4944
8063
7309
1478
9764
3467
8260
1761
9354
2737
3816
5774
6396
7244
8173
782
6028
1351
9813
6975
4801
485
9195
9850
5533
8619
8425
1547
1690
8251
1594
4430
6818
4702
378
2722
9950
1837
7545
2589
390
9787
9950
9996
6952
5250
2088
3861
9219
8553
7200
2443
4819
9711
7386
2381
5607
6616
8475
2076
3181
5745
5012
2678
7040
1872
6236
4676
5528
2285
9724
6316
5072
9751
2035
1604
7284
2036
2922
5476
3641
8873
8258
7158
7750
6962
873
6957
3344
2351
4348
3487
4772
7948
1974
7297
174
603
8327
7981
9670
1551
1456
2594
9770
3064
7722
5513
7254
3878
8646
1983
7727
4987
6095
9460
8736
4322
4780
1822
5116
4646
5585
26
2834
8577
1829
2625
1935
802
4383
9267
7421
2921
1737
6435
2872
7330
8727
7071
3185
9339
177
6074
8572
7716
2619
8759
8964
8962
8230
7428
2015
8800
8927
5233
9820
8371
7109
3708
6200
4857
8056
6346
4048
8749
1357
3571
2752
7257
5774
9131
9738
8472
1406
6969
9715
6582
8586
8614
935
5255
7499
8355
796
2193
4872
9863
6436
5160
5865
740
2685
8788
5542
7253
3747
2016
6957
6342
1860
8481
2355
9040
9476
1025
2001
175
7815
9783
7664
1586
3228
213
7264
447
4697
9150
5729
7248
2992
7490
389
3310
8881
4663
4429
232
2970
9541
8703
9232
7834
9934
2393
6818
6163
7241
6560
1474
8957
794
113
2577
7975
9871
5544
6620
1224
3497
8479
497
99
3397
2126
8702
9962
566
8481
7432
2218
449
1479
9525
5188
1989
3894
6902
2795
1189
8156
2357
313
9923
9537
7463
5004
4538
6744
3165
8750
4984
8180
7949
2322
1110
7687
1624
234
9942
3702
5080
7046
5480
2520
2072
5094
3961
2029
7296
785
3976
4732
3211
494
3318
8308
6550
2591
2026
6500
5800
6558
2446
2678
6009
2816
5705
4582
8256
3382
8618
5744
6428
1186
7901
8935
2831
9270
7390
3618
658
6584
8679
1762
3497
6081
1511
8766
7125
4629
9058
2863
7023
6398
9071
6775
8472
4689
9458
5340
7002
738
9317
5075
2121
4290
2565
8008
7452
4646
1512
9289
7267
5812
2326
3042
6020
4263
11
8628
1493
881
3367
4702
3224
9248
8879
7837
398
9705
164
9599
1801
97
9261
9716
2387
9083
1972
3741
2292
1339
8027
1495
1668
1177
537
6945
4542
9762
6596
4872
7084
7304
5596
5620
4981
5481
6242
6267
9424
1821
9252
9043
6739
8920
7142
5861
300
4080
3182
9837
4940
6809
5355
8446
4043
8844
163
5378
2796
3286
8904
9951
1918
8508
7558
7669
5227
8349
7564
3764
1617
9008
3525
4891
3082
4427
9538
6891
523
181
918
8906
5398
2372
5021
7555
7019
6704
2697
5386
1298
6153
9658
9309
3886
2995
4761
3415
4254
47
5058
1054
4773
3558
5756
4604
5044
6318
4007
7562
4513
5663
6928
7176
2327
1439
3747
5610
7193
9337
3918
9933
9332
5485
3950
2039
9184
2417
7049
6971
6226
2868
1735
7852
1793
5267
7837
4777
547
6389
2423
8471
7700
9505
4594
5564
627
8223
4979
3175
3048
9468
4311
4846
4613
2887
3224
7439
7257
2664
4585
3143
7131
1985
8623
5137
9481
2972
3035
2311
1788
7939
9240
1924
9351
5823
734
570
6093
4520
8944
62
5693
2332
1128
2241
9067
6395
6029
9306
4764
7102
3582
6607
1405
2503
2126
483
2144
5444
6092
6361
7972
2206
1885
9158
8047
414
9016
9909
1419
7086
254
8804
7883
6669
4868
4827
7817
2252
6159
2349
2541
5398
9259
7431
1883
8973
8200
2981
4266
2399
8769
4916
9597
2696
9594
2482
4575
976
8805
2433
4544
8373
9457
1899
6806
387
2001
4544
514
5504
4052
106
2529
5317
4085
161
9371
102
449
3115
3259
2162
4321
7563
6939
6549
8979
5114
4764
4043
9129
1843
9423
688
3070
2472
4083
2851
4800
3283
6011
6633
159
4055
3915
7405
4064
3844
2703
1461
3022
9401
6008
9440
5390
7475
8068
2043
8973
2436
5273
4771
9976
1167
4558
6420
5800
7888
9653
9136
3784
8760
185
4444
7796
2326
5728
8052
304
1010
1261
5983
7554
1858
6309
2461
7309
527
6587
284
618
1746
6618
2362
6949
1848
3935
2629
6658
5701
1121
7262
2667
2341
8990
8509
8103
8797
403
4621
2280
9487
2439
7976
3024
8604
4341
3869
2129
4452
804
5885
832
7082
5508
1190
6773
9011
1143
2519
9970
7293
5914
7394
5101
4971
3727
2447
8940
7198
4744
7069
1916
5888
8866
5875
3310
1978
2444
2869
5215
2422
7906
882
8306
7134
3466
4842
4396
2403
7786
461
7563
2890
4436
6719
6644
353
3296
4071
1432
8303
4564
8935
6530
8265
9762
6630
479
7792
5630
56
3515
9496
6987
5743
1492
5396
2065
331
7293
9741
5069
6605
8561
6850
3332
4537
7554
7160
2437
5417
317
370
6715
1167
5292
4093
971
3411
7416
2354
2176
922
9224
7022
9777
1047
9674
9887
9036
1579
9613
3028
7793
6793
9545
6343
6094
4788
7180
3095
4130
2345
9377
1725
3039
2617
1983
2832
4673
7663
9963
724
6934
8400
1355
6254
1993
2480
713
7810
8159
4144
3392
3757
8829
2197
8533
1119
9188
2437
2821
1632
8923
5915
7831
243
4295
6074
4782
5703
6008
7181
1102
9098
1203
9357
936
2745
9688
140
2691
5203
2863
846
3385
827
4228
5895
8523
5724
1068
1887
3010
6823
7475
6034
9107
7671
4356
7317
5054
2742
3844
7715
3700
1256
8971
1333
1410
1733
3504
3999
7774
1509
8063
9575
9789
2195
1514
7521
2142
1988
6570
1014
7847
1873
3680
4996
1530
4511
8860
7950
6003
3424
4809
1411
5297
6307
2419
6620
4430
6998
5238
1791
1725
91
1252
5793
8223
1817
3090
9336
8434
4777
7969
7231
1991
8465
3828
6114
9486
4318
1298
5721
3840
922
9706
4194
5113
6029
6494
2119
5440
1647
5822
5742
2932
3675
2641
8831
436
1136
5650
2128
5483
849
4133
1053
1063
3388
7989
3075
2997
3032
2859
7803
8954
7223
4141
2948
4976
3387
1808
1129
4651
2389
2091
8098
8983
5720
6443
9366
256
7884
7404
5357
7869
847
8907
9812
9882
1446
3909
858
6689
9617
2298
2375
405
8236
452
429
2346
769
6734
5382
4164
1131
8627
5612
8970
9430
4853
9752
1335
9298
9430
5251
5245
7223
4198
2520
6694
7554
4073
3594
952
3485
4964
7761
3124
700
7636
2000
2796
339
4987
7250
9534
9254
8249
6355
4290
1753
3987
8235
5548
7238
370
5381
5054
7068
2986
5822
4765
7700
6101
5896
1549
4175
2924
7166
4924
7196
7169
4562
4585
1158
9708
4898
5727
2729
4064
3594
9889
5141
1705
5202
6836
6779
2549
6952
7187
9108
9868
2857
915
5569
2653
5704
468
5117
1414
6369
3377
7551
2095
4599
7156
2316
3972
5849
6569
6393
9230
2244
7405
7822
2797
9538
3810
7653
371
5216
4546
6418
6111
1453
8590
733
8453
5070
5234
1402
6391
7966
3446
8346
1202
8419
9155
9066
7672
6076
3184
9881
965
4854
5225
1832
6992
8910
6987
2810
8496
2896
5662
2490
5768
5230
1631
6027
6689
3405
4041
8938
9346
330
1344
2465
4702
3273
234
4965
139
1277
3097
6366
4170
7572
1385
1447
3400
5690
3843
635
4064
9742
5804
8432
8186
4849
2477
6752
2532
7722
4767
5857
5932
8647
7379
2150
3111
9039
3323
2543
8065
3682
1144
2140
2817
2945
4209
5727
5064
9386
3901
4430
5863
9084
3918
3512
4282
5945
8346
5151
2516
1817
4391
5171
5496
683
6786
9408
6689
5927
7995
6222
1871
1854
7409
3462
3774
5283
8614
2276
5349
243
4478
951
8616
9583
762
5078
155
731
3739
3197
3603
5022
4997
6165
7130
842
2258
4497
9967
3958
8751
8468
4792
5206
5079
6016
7461
268
3674
8890
6338
3000
6330
4313
9625
331
9090
7102
817
4521
932
8893
951
5437
8301
9737
4871
22
5398
5293
487
7391
1818
775
9344
5037
7215
4463
3642
9841
8691
4533
1764
8173
6437
857
3100
323
8812
9300
3025
6873
3000
4404
8066
2729
7827
596
1170
6485
8115
2170
731
8216
4048
6121
3932
4999
6140
2839
5937
8502
1332
1721
1005
8903
7858
6667
9815
7645
2443
3676
9166
6574
4972
3237
2009
7175
8540
3530
9520
5082
1053
4553
5217
6483
9381
8144
3056
4312
4452
5739
7694
5006
4401
5786
8564
2616
6853
4161
668
4651
9859
2714
3084
7853
2099
4661
7345
5691
6010
9103
9940
458
6424
2064
8075
9573
6589
8014
9550
9461
9592
5072
4948
3599
8206
8941
7307
7446
3300
9586
4624
5826
3481
8642
2240
8425
7890
4471
5132
3849
3987
8967
9026
6599
7191
2867
7550
3026
9997
4505
5021
657
6399
3945
3321
6987
607
2164
1782
3333
6609
4976
6231
9749
8287
6920
6398
6998
333
6640
2559
1492
9610
6135
7455
9543
5935
6597
9230
1933
7831
6228
8526
8416
3211
4235
6591
1686
7385
2964
9769
5175
7776
1023
9957
906
251
5520
73
7208
9640
6724
8429
6098
1619
2849
3806
7373
6419
2619
8895
379
8145
8946
4535
9494
5953
5881
8396
3094
3807
5298
377
8914
7623
3604
4238
3027
7024
190
5845
67
534
742
2940
5013
1618
8138
6788
9598
9561
1096
1397
1440
7774
4121
6300
4824
8484
6216
9938
2238
1924
8192
6602
8713
5880
1075
6118
3093
8802
9975
4262
5548
4299
6762
6143
9345
3868
1079
3780
8541
2786
8449
9972
3344
8866
5228
8495
3977
5513
1019
6486
5777
8254
1123
7262
7073
6471
7119
2641
516
2389
7901
1905
9974
6189
4533
569
5660
6243
2794
5075
2686
1221
2921
9007
8079
3041
7199
823
7165
7188
9255
4348
9444
833
7968
8811
6045
6218
7068
4722
7923
845
165
7802
6198
4478
1595
2544
1080
6077
3353
9843
8517
4964
4533
7116
8864
5824
8101
8037
5529
841
2239
5688
3099
6527
6889
4757
1377
4451
7072
7903
6184
6335
3876
1651
5935
1235
2031
1430
2811
2701
9158
507
8775
6308
5144
958
1833
465
1236
3775
848
3467
3784
7470
7209
5149
8804
5775
7761
518
4028
3562
1029
445
7196
6755
4885
143
2390
4737
7159
9335
647
1660
151
8584
8311
9496
3052
7578
8655
7977
8950
1358
1125
7425
131
1936
835
4733
3362
3960
8246
5385
1215
5821
8866
1227
5420
2519
4963
3859
3104
2623
9662
1869
8345
3061
4790
2399
574
5102
4026
2693
4303
472
9531
375
4110
1291
1052
6180
982
9997
7938
6158
9225
9858
939
9201
2184
255
6475
2977
908
8809
7137
3663
6082
6655
9592
8183
2770
5713
9753
682
5728
4891
5934
7107
1131
7266
81
4135
1092
4857
4547
9822
9737
4176
1017
4905
8782
6954
4817
479
5005
2026
3026
2760
5908
2153
4689
1909
5341
2935
8032
4009
5868
8732
5297
8200
3857
8825
4008
2715
669
8175
8974
3981
8049
8987
9474
6854
81
7069
5914
5297
5848
2052
2215
3723
3126
8313
5158
6139
9076
1044
4147
5576
3671
8846
2360
2988
3699
7252
4020
7763
5799
6308
5926
239
8982
8648
7112
2092
9382
8508
7689
7531
7793
2301
2547
7549
4441
6240
7195
7933
57
5308
3958
6059
8870
1910
6120
9937
3972
3879
4760
4835
5365
3532
4704
6888
5612
8457
5921
5007
4720
7834
8627
7760
3916
8216
2473
2865
6755
6469
643
4513
1440
9924
2557
2949
2044
8664
6981
9468
8313
4551
2138
9264
9563
3210
688
4012
3190
2644
7567
917
3683
6236
4507
518
9836
4953
8127
124
7078
7722
6915
3194
7679
4271
9820
3946
3165
1591
3938
2657
5238
3334
9709
9742
5741
7795
6088
815
6426
892
5112
5039
6547
9030
2310
7392
3526
9125
3656
7521
2713
3795
9662
7164
7608
7809
903
5279
5725
5288
8900
2372
6894
3098
9236
6687
6480
682
5055
1844
6538
6053
3151
5299
6852
4043
5944
6177
350
8062
7335
1668
8781
3766
9896
1066
6336
9774
4450
1671
3809
2030
5630
2185
9495
6278
3349
7913
2167
7716
2503
5441
4379
3107
4951
644
427
6240
9267
7774
7864
6666
2706
6474
616
7733
7511
2426
6939
5498
2098
4758
1228
2735
7717
4068
3347
1438
6019
8000
8519
6901
1892
3656
625
5658
2614
4823
5499
8649
7166
4540
7607
4603
1020
3942
8093
4948
8188
4638
12
3194
5689
7873
7122
8653
7388
1033
5511
6503
7970
503
5075
593
7675
3710
2031
8271
3151
4047
5721
4809
2155
3805
9361
1095
6009
4124
8336
7353
8478
395
1145
3584
8620
907
4567
1980
8888
5979
2998
5075
5190
7522
5806
9419
5744
7144
170
6340
4070
7280
631
3061
2687
9078
5224
6273
9837
5233
2390
8454
7198
9382
4612
3650
2063
7081
8480
7330
2700
2656
3062
1192
2499
8453
1647
5160
9366
9560
8118
9919
4878
415
1867
9649
6045
1003
3329
1197
556
3721
8242
5599
7715
993
4866
5107
4375
2622
1808
3873
1629
122
1321
6217
6573
4214
8775
5227
5138
5491
1383
3315
7149
7664
8568
5424
7529
3296
4079
800
8042
9111
6056
3130
1135
385
6007
2407
1862
9983
204
3757
5838
3918
1572
650
9432
774
9772
1641
4295
3725
5025
2292
5910
8597
7587
2311
5992
7497
6152
4412
2251
6095
7996
8921
6726
1305
2822
8178
1793
5854
3222
3083
6100
5201
6139
1599
8680
2635
3105
2550
393
2346
3127
9750
3373
5236
3839
3369
3902
9993
5838
4887
5491
3141
2963
864
6781
1439
4276
72
8525
1906
7524
5503
723
2117
6018
3404
8209
1016
3851
1765
6942
4237
5406
7118
1158
1009
6400
8972
1870
4214
9798
4228
2422
5662
4976
1332
711
8182
2214
6814
5516
3837
7545
7437
4078
7263
5340
8517
2951
2114
8156
6379
7751
4060
7114
1646
261
7999
3802
2929
541
5090
2100
4295
5960
6638
9175
4281
7113
6802
3453
4710
9652
451
3706
9560
9881
9267
6446
7759
2206
8188
1514
2396
7243
6762
543
7532
5998
1602
9538
8383
6814
2339
9131
9428
781
5448
1597
3987
3175
9158
9808
4438
8615
1992
7962
4501
2425
1269
1036
13
2554
4123
88
8444
763
1898
6305
2811
693
639
1483
1880
262
6011
1633
1311
8265
6736
2789
1829
7716
7512
2305
2625
7867
1201
6077
5271
9730
6361
9354
482
8399
2353
5723
1966
2974
3265
8787
9391
4862
4873
8697
8033
6584
9919
3656
6013
928
9498
6147
6596
3205
9706
1702
7483
5266
3633
9943
2739
1127
5330
9915
5428
8449
5973
4006
3622
838
9748
5162
9676
3437
7173
256
6013
2073
980
405
9360
8167
667
5627
8243
2349
5921
3073
4648
706
5293
2029
3709
8524
6774
2677
7479
7125
1961
605
8634
6567
5125
3034
9847
1558
2950
2533
2162
9837
5612
7595
1918
2432
3383
1698
7880
5552
9505
342
3421
7982
6696
2706
873
343
1399
1930
9181
7309
9073
6068
2684
6806
5449
5287
8098
685
8016
6619
7953
9607
4636
6992
5002
8608
8129
2203
7685
2004
3838
9483
8748
5193
9783
3226
9722
1705
5051
8047
1595
9918
9377
1728
7600
4726
5380
5460
4003
7926
8184
1366
4209
3899
7111
2518
4408
7339
189
1466
574
7034
2460
9762
9835
8457
1261
2521
4501
2969
8628
8007
6790
1165
9038
9347
6876
6348
9386
198
8237
2166
8097
3995
8772
8702
5507
6194
8956
4390
1856
7828
2504
8649
4287
6496
2733
4961
1502
2484
2189
8024
9431
312
529
1100
44
4708
2034
5308
959
8705
8964
3279
2064
9021
1247
2276
5907
1944
2027
3011
2845
4140
8295
4786
2091
8073
6038
8388
3519
5998
9047
9053
7640
1380
6416
8096
3885
6820
4246
3737
1286
7385
7644
38
1160
8272
517
6720
4394
2748
5335
5048
6280
7510
910
4348
6068
8257
6794
1112
6547
5339
5191
2121
1515
3504
6455
3790
9831
9
8558
4167
6757
8786
4201
2047
6925
9352
955
4006
7406
7681
3814
2343
6534
1062
9667
3545
6077
3579
2206
3088
655
4272
4560
3699
308
8064
3066
4648
558
4454
4300
1324
3343
319
8911
6591
5108
4250
9653
9243
3665
7580
1787
9589
9930
9537
8375
2237
9100
6957
8036
7648
9606
3216
2792
4365
3319
6647
2110
6020
6965
4191
9060
1161
2391
805
947
6936
3984
1801
6934
2179
4809
7073
3082
5719
4601
1498
4177
9373
6179
2745
1874
5884
3804
8111
5072
5195
3960
955
69
1860
7648
8857
8844
868
8834
5976
9992
7312
8262
4889
1411
2161
2872
6052
9607
1200
9558
9845
2659
172
5399
1667
5787
9560
9734
6817
7439
9714
4299
8846
3189
3166
2964
311
5301
3281
805
2748
6274
4745
4041
4207
5744
522
9299
5752
2102
8467
86
2582
3666
8767
3661
4481
5603
5448
9351
3931
7927
1094
3923
9301
6993
4100
6452
3005
3878
5907
722
5028
1909
408
3693
1342
465
3713
9870
7923
9356
5558
3419
130
3393
3530
8007
6325
3358
9136
7044
9360
2108
3978
7398
4211
8013
3996
37
5455
6193
8015
1438
3013
4309
7698
1927
3834
2153
2795
3853
3063
1355
8283
6156
7356
2709
560
6570
9940
3536
4724
7360
1668
372
2626
502
9214
1997
8808
3754
1122
1451
1384
4797
7539
6310
9001
2714
8615
6156
6635
4612
1881
2793
1960
5466
7689
1634
2565
3786
6738
2478
5880
9360
5308
8641
3555
1544
9592
9046
8574
7496
8377
1400
4659
3363
1570
6605
6499
3627
2954
8944
5798
8902
5692
4153
9920
5820
7355
987
6846
2394
4979
762
896
5510
3435
5303
1793
6864
3206
634
7025
8225
2712
3243
6772
2803
8630
1357
1523
7517
2838
4183
2976
3977
9222
3023
5222
1267
4408
3029
559
3360
5803
5930
4640
9785
4613
1708
6223
7763
6860
8031
7077
28
4388
569
6669
8387
6482
713
4428
7012
9807
6693
8699
1616
9513
7712
2672
1477
3411
2788
6715
6223
1773
5473
2620
5834
5102
6034
306
675
8749
968
5901
570
7376
5189
3061
2006
8699
4743
5732
949
5098
2704
9822
4558
4666
8254
9569
5909
5729
4731
7591
1018
4222
4755
8296
9775
5979
9917
8237
5252
8815
8393
4927
5937
9280
6868
8574
8847
533
7787
9517
8083
6954
5402
2459
2440
9501
5135
2301
5512
3717
6607
4406
1575
3106
612
2632
4940
9487
9267
2964
5564
2468
550
238
1749
6072
2074
1356
5540
916
4119
7293
979
8771
3959
8646
2963
6453
6469
3304
7153
515
3092
1453
6600
9308
4473
3121
6644
4686
9718
461
2030
5057
4899
3438
4537
637
7099
7316
3351
6875
5680
4935
3528
7705
2444
980
6209
5287
2774
341
2613
6447
8365
8511
2275
4866
2916
5045
5275
7868
8986
3962
7294
9577
6069
8451
3057
6946
6554
3450
2861
9616
2875
5615
2295
2353
9501
153
5959
5335
2901
4394
4215
6430
6863
417
6282
3878
5051
2345
9398
8622
2916
1887
7423
3362
1534
417
5266
9931
7996
993
6394
7477
5675
1225
7843
4414
6030
4120
1449
1961
390
5146
3947
1410
942
3846
514
3101
4625
1537
5416
5127
1256
7489
1639
1662
2148
6060
3471
5581
6516
3182
7458
559
4148
1544
8944
500
4578
6390
6123
8257
3694
8857
5574
3394
2253
7859
751
7819
1658
1586
9013
7932
8762
7587
7240
8322
3930
1688
3260
4714
4519
9316
5113
8705
7402
3922
8659
8615
4974
7958
1424
6498
1279
7483
1307
5439
5569
9644
5013
3747
9754
4126
5858
9311
8989
4922
4135
6178
116
9833
8846
9944
5113
599
7235
5617
2081
442
5055
1388
1542
1884
8398
8354
2495
2756
9455
7135
4302
3204
6999
570
101
3291
9619
5574
2342
4057
792
6306
8118
819
1240
6187
1630
525
9652
7137
6446
7620
8392
6550
3037
6926
2568
4979
6961
8936
4053
2213
4135
6895
7387
8804
4928
3179
9242
3189
3161
2789
4383
6053
389
266
143
709
9817
3383
4048
9446
1299
8052
8355
9578
520
1229
3921
3977
7833
9579
1697
5413
1873
1074
4676
2757
5758
6691
9773
5150
4841
4402
592
3216
195
1522
8662
5916
6158
3676
8218
2372
1094
9998
7748
2890
5114
4960
8287
2602
5483
8386
7784
9476
2399
5665
1189
593
178
2008
9856
6583
4811
6243
9375
9127
358
383
802
8836
5219
8237
3208
3294
9994
2694
5421
4252
184
6632
2052
2408
7755
5007
4413
9749
1799
415
6868
8603
8946
5021
4534
579
9298
93
9440
4926
7841
3797
6374
6175
7706
3729
4684
2777
2707
2176
9188
915
8806
1212
3685
4617
4286
1287
9461
3388
2235
608
915
7049
657
3061
8387
4214
787
6147
567
6872
8600
5448
4086
5955
3911
7786
251
665
6629
5664
1613
3908
5656
9086
7782
7054
5510
6110
4739
6173
9343
1817
7463
333
8516
6342
7612
4805
2562
9737
7351
7675
2751
2621
6647
7539
9632
1068
1818
258
2404
1866
4971
9826
5137
9506
5787
8974
7625
1624
7899
7565
8552
110
4756
507
7501
7042
5956
8099
2163
3428
8086
3897
4586
8998
7692
1891
4759
6492
2267
8488
8501
6194
7202
3713
1094
7741
3832
1100
474
7946
2610
8783
5930
6706
6462
8761
4450
5295
2560
4948
4761
9960
3174
6807
1150
4152
6953
7400
7185
6653
707
8638
4202
2845
3383
5797
6538
3042
2785
9083
3965
3014
2475
5607
5129
6330
6377
6585
6773
4576
4339
2620
857
5288
9628
5656
126
9911
6563
1461
8305
3028
7430
7306
3913
5437
1837
2018
3074
3846
8938
5712
6598
7281
7691
5018
3320
7305
7273
8576
1388
6696
3105
5536
9430
6937
637
3458
2637
8952
4526
6686
6668
6069
4871
6606
3525
8983
4009
5709
5746
9325
2439
7471
1578
3424
4629
9258
7004
2516
6658
3970
2154
3501
7231
2403
6229
2318
7435
3431
4545
4733
6620
167
5925
4371
4508
3326
2562
9599
3438
7657
6766
6410
4475
6331
7867
7365
6270
8333
4920
1294
3032
5347
1300
5458
9808
9129
3866
8972
1787
5116
7118
5420
1012
1957
9986
5555
696
7920
1221
8250
9440
1787
3721
7634
444
4826
7759
1621
6505
5463
8129
4876
942
6886
2060
9659
537
8263
3528
3703
7121
5749
6198
2919
2103
5531
8005
2696
5982
4086
4944
3994
9892
2870
9367
9848
8220
7294
1273
4421
7178
8954
7195
5490
6538
736
6120
1068
4925
7728
2020
3634
7569
7781
2638
6724
4395
8541
1042
5174
6884
4421
3897
5860
2365
8094
8606
7536
6064
892
8957
6551
4277
1756
8297
9010
1790
2117
7802
7769
4512
8792
2306
753
7422
6946
283
6517
179
8256
8559
2242
6668
2321
4562
2461
720
9719
3520
4176
6445
2647
8687
8705
6992
2833
5633
3139
6640
3225
3064
277
6295
1571
8437
9321
5790
4702
6032
528
6292
4455
8462
5728
363
9822
705
3751
5456
3349
5474
9129
5973
7221
9107
1014
2268
683
7204
6311
5218
5184
5237
1334
4933
8950
6691
4877
9908
5822
2176
8055
3761
790
9699
739
8661
7103
1049
5128
2353
8365
9863
6242
8557
1656
9774
5657
5887
8816
8793
370
5401
3261
3685
1519
2271
9668
269
5170
8115
6709
4338
2336
5695
7121
3811
1984
5807
6298
7263
962
6632
1954
5220
6076
9001
6245
7938
4624
7148
7827
370
1273
7977
5541
4748
1700
4360
4417
8330
3756
5136
7913
5319
2989
5233
4909
6322
7146
5434
4945
7717
7771
9864
8137
1325
6334
3725
3328
277
2301
7368
3080
3395
5312
6310
9452
4655
1305
1076
8530
332
4446
1616
2780
8212
9748
9980
9117
7092
2230
1469
2937
4257
4933
9830
4981
4373
4025
7212
4909
1130
9446
7526
6292
4210
7018
4804
9046
8369
722
2424
9306
8487
6669
2309
7731
1774
5768
6498
4805
8748
4904
1307
2757
4741
5046
2181
330
7505
1236
2876
5503
5813
4814
4187
4474
6545
4476
566
2838
405
9524
4727
9117
6353
8028
1236
5842
4231
7629
1290
1306
4895
4275
4184
2266
4135
7360
1274
7612
7573
1825
2479
5563
9499
7353
3626
1966
9189
4425
5634
6866
6993
2465
678
3151
2812
6959
1841
7452
8293
6806
8181
6495
4640
2443
2775
4429
2186
8969
6583
9215
4436
8068
1611
6613
1982
7690
4359
5237
6289
2886
8875
9372
6680
9422
2104
1045
2204
1516
4112
6919
3771
6889
3961
408
2309
1413
1614
3232
3298
3668
5587
6424
7443
6354
5730
4129
3683
5719
5047
6177
2122
4886
8324
1529
7567
2287
4706
9634
5254
132
5893
9093
2349
4025
7850
4489
1711
964
4399
5607
5828
3028
9391
4906
7142
6463
3082
8483
3631
3011
797
3704
8372
4045
7794
8844
4056
3912
7399
3114
6270
5006
4675
7355
4432
4186
2731
3831
1957
3773
6240
7784
8850
687
8481
6890
656
30
6293
110
693
3906
4029
4670
338
3153
3098
5899
9289
1310
8091
9858
1016
5435
1824
8669
9078
5296
8336
4917
9577
6772
5603
2101
8482
8840
6749
8890
1222
7875
4616
9911
5849
7912
908
3205
4025
4596
5118
3656
4260
1843
5011
9340
855
3906
6335
7486
4261
4415
2798
9191
4080
5292
1325
3795
4375
659
4694
5184
5979
8403
9319
3874
2175
2537
6926
2899
6620
6378
1683
2808
1807
1788
2706
1134
7696
3893
7379
2083
3728
3563
6840
3074
5229
2634
146
8246
4820
9380
2672
4127
5349
4050
2422
2115
5052
4729
8054
8347
5025
3400
1693
5918
4573
6125
3468
2252
5079
2296
161
688
8778
7640
9986
3673
4693
2289
5782
8066
7568
4382
1552
5628
405
6787
1416
2957
8194
9100
4696
6834
5194
6081
9936
4912
5954
7051
9910
200
8303
5360
2190
985
2186
2058
4129
7424
5772
2885
4749
1722
5468
7463
9769
650
3858
43
4499
2373
5447
2054
6616
3035
9531
4378
2272
6288
8675
72
6611
9800
9757
1920
8396
6578
7841
1525
7096
6187
198
7676
8315
6467
7021
3394
2384
4445
7134
4141
5434
2111
5566
5403
8907
8314
4026
6311
1504
2627
8226
6938
4552
8416
580
2029
6672
2366
8900
1245
60
6271
6662
7559
7683
6449
9992
1619
6407
6537
3774
862
4464
4943
8299
4943
1637
8579
7208
7419
8214
7357
7461
8163
1224
482
8474
5611
5902
6882
840
2918
7648
6799
7360
541
2347
5128
3440
3998
8261
8899
3526
6113
6971
5081
6162
7702
2297
3082
2508
5546
8628
2034
8879
4025
6104
5860
3601
4605
4410
2594
175
8564
953
7231
1674
3776
8277
9227
9176
9223
2908
5342
6393
8075
7229
1936
215
5908
8411
3540
6888
8441
160
1605
7124
8798
2747
4777
637
5271
9959
6818
9983
6571
4186
8003
2454
2996
9159
640
6358
