26502 4603 7290700
72634 14421 7361500
27519 5405 1965100
75596 14613 8006100
1419 301 100300
90472 18115 8716200
57613 9801 4993600
11742 2537 947800
67361 11133 7130000
90374 18907 8798200
18406 3783 1575400
40672 8549 3524500
74763 14955 6820800
1306 269 94200
65318 13539 7214800
60529 12167 5483400
19016 3691 1478500
88642 16947 8497600
4821 1053 368700
56947 11087 5859900
44982 8749 3886000
6868 1409 545500
24002 4985 2080100
41016 8729 3717200
80298 16805 7529000
12294 2225 970600
54450 10773 4871500
80620 16767 10123400
5954 977 692400
63369 11813 5002700
42603 8573 5176400
1920 375 115900
71123 14953 8053800
10766 2353 903100
81447 16483 7476000
50542 8687 4675700
10023 2125 759700
9277 1799 680000
83901 16309 9401300
12771 2575 1006800
60292 12559 5440700
33015 6951 2784100
57473 11815 5368900
38045 7389 3234600
58981 11587 5251500
54706 10657 4824600
54919 10075 4673900
68023 14055 7154100
71071 13183 7768700
31731 6871 3098500
4447 939 325300
14565 2973 1167000
74642 15483 6961300
59469 11355 6946400
4446 853 488100
68589 13819 7574400
3386 725 249200
19735 3903 1599500
53064 9597 5076500
89402 18837 8461400
50430 9991 4780600
44773 7363 3624900
78464 16495 7289100
72648 14857 6778000
31503 6625 3049200
89185 16131 7786300
23567 4613 1868900
21087 4197 1762000
42582 8117 3739200
64870 12471 6607400
72485 13429 6731800
74717 12941 6536500
32961 6919 3631200
53944 10441 5661100
20841 4045 1701000
72439 15113 6565700
31640 6509 2900600
71291 14321 7637200
71358 15281 6828400
907 195 62400
55283 10849 4762500
2820 551 198000
56670 10997 5372100
38999 7189 3947500
75898 15105 8312100
16310 3265 1319900
26472 5363 2200300
64128 13635 6980800
39286 8071 3521300
25690 5479 2195400
25213 5435 2176500
69237 14457 7009600
88612 17641 9179300
28790 5815 2386500
59346 11443 5271800
30516 6253 2588200
70161 14201 6298800
88781 17173 8204100
79218 16887 7305500
27430 5403 2425100
79789 15567 8058700
88595 18731 8394400
66733 13861 8092300
85063 17529 8972600
89707 19031 8696800
16948 3385 1322500
61866 12369 6485200
90846 19275 8684300
6856 1393 931700
32525 6837 2721800
18038 3541 1484800
5417 929 378800
90515 18257 10713600
76377 15769 6898400
18363 3851 1523300
81250 16567 8671400
72831 15649 6699600
84807 17103 8869300
50624 9087 4820200
18543 3769 1566900
62195 13239 6894100
56841 10659 6248200
28528 5747 3346100
88970 18285 8446500
78122 16657 8426200
7636 1647 596100
9975 2081 758300
79156 15895 13722500
10053 2145 813400
9985 2017 793300
39813 7549 4635000
68420 12775 6860200
11473 2415 908300
52407 8957 4234500
88315 17631 9848400
70344 14823 6620600
36597 7109 3070900
1879 415 130700
58544 11489 5229500
57303 11387 5881300
11848 2399 896800
72028 15003 7446800
57459 11283 5149200
85101 17515 7893400
42481 8311 4080400
80047 16617 8779300
47313 9531 4120900
19656 3669 2068900
71153 13175 7230300
20605 3611 1588100
19029 4043 1574500
26994 5589 2260800
66303 13469 6737800
11237 2397 1299300
25270 5103 2018000
89071 17797 10649700
37759 8067 3368200
4624 981 345000
68158 14519 7460200
44391 9121 3940600
59220 10699 4987600
85438 17937 8158000
54362 10125 5541100
61819 12423 6539100
58325 11205 5098700
22676 4691 1920300
35471 5573 2608700
80161 16687 7435900
55601 10601 4760500
62757 13257 5835500
42242 8007 3605100
76466 15623 7946000
88786 18689 9995000
68279 12807 5739700
48293 10067 4340200
66748 14093 8813700
59015 9561 5217800
39526 7875 3773100
2678 535 223100
22551 4953 1916900
35366 7043 3220400
16117 2681 1170600
56876 11101 4958100
55680 11001 5396300
84675 17353 8433000
32072 6839 3147800
78470 15741 7363700
8916 1835 706500
86624 17251 8019300
52476 10029 4794800
60987 12607 6049300
33959 6613 3242200
22074 4617 1859000
1049 219 138700
61940 13471 5740100
29694 6153 2571900
88421 16239 7747800
82382 15951 8593700
12830 2633 1019200
72260 15209 7123800
36700 7609 3146200
5676 1147 874700
18416 3631 1493100
64592 13653 5902900
89151 18149 10586100
14858 2965 1173800
16642 3513 1377700
23752 4733 1927200
89989 17917 9118000
60901 12845 5464400
49171 10139 4746000
75601 15097 7297100
80434 15767 7381000
50600 10245 5712600
27694 5549 2809600
65846 13769 6744400
3141 595 208900
51635 10593 4967300
39185 7673 3355300
31464 6703 3194100
60391 12375 6313000
86906 16857 8238700
60680 12749 6784500
51408 10125 5525000
68595 14339 6915400
74243 13937 6733700
34389 6909 2945900
46682 9791 4449100
82765 15963 8159600
71968 11969 7994800
48750 9939 5424800
26664 5403 2200000
76170 15645 8244500
59330 10599 5065700
27151 5815 2378600
69047 13737 6278400
78293 16057 8143900
63704 13173 6382700
17134 3273 1335300
2309 501 342000
67752 13611 6669300
43639 8735 3684900
57315 10965 5134100
12133 2347 900900
45814 8175 3998400
74587 15785 6992000
50435 10283 4547100
51018 9711 4748500
70876 14737 6823300
28223 6207 2527800
65599 13681 6466900
73635 15395 7446300
63524 13333 8571000
10410 2225 6203500
78156 16979 7291500
57385 11007 5021200
10326 2225 812600
36259 7121 3047900
81209 16135 7653500
28288 5465 2295900
20082 3813 1557200
26981 5327 2159400
73603 14605 7173400
37153 7765 4021700
79222 16689 9164200
66337 14281 8918900
75298 15693 6826100
4607 1007 337000
8393 1783 651100
44837 9057 3983900
10348 2191 823400
60609 13095 5981400
31619 6641 2726000
1210 247 77200
17258 3039 1271100
66796 13683 6105500
5849 1011 1546700
16696 3409 1365000
17562 3587 1443200
57193 10467 4733900
78187 15959 7075100
82042 16261 7982100
52941 9407 4432100
69231 14785 6520600
3030 691 430900
19503 3725 2352400
72483 14917 6622100
13667 2885 1108900
73121 15405 6830500
41579 7715 4890100
71724 14993 7020400
66348 13197 5889900
79141 15593 7053800
53579 9915 5378700
10300 2089 800000
80355 17029 7500500
64253 13887 5905900
80613 16805 8313600
18612 3689 1466800
17911 3649 1429600
87772 17853 9012600
16301 3399 1305400
9671 1971 716300
84677 17171 7660300
38840 7685 3820700
34593 6241 2841200
31545 6643 2767100
38881 7997 3294500
89931 16755 10359500
42119 8315 3567800
41187 7631 4525500
58526 11581 5138100
86918 16569 7741000
46584 8871 4481100
19356 3045 1434000
45676 9491 4103200
72132 15017 6729400
79346 14777 7724100
40398 8185 4566400
31512 6637 2683700
17645 3421 3169400
21668 4095 2096500
69464 13763 6313500
73201 15257 6753000
27176 5437 2815000
82151 16475 7443800
58298 10681 5174400
84267 15915 8532500
27704 5965 2376900
88278 17273 8053800
62617 12507 5490800
16590 3539 1350900
66435 12531 8211100
79159 15219 9457200
67115 13539 6463900
46752 9471 4785700
77883 16207 9127200
42385 8155 3724200
84239 16939 8904200
27520 5877 3298800
90883 18155 8616300
86482 17257 8026300
72454 14959 8081400
23689 5081 2011600
78284 16561 7574000
83023 16203 7365300
57569 9605 6013800
53722 10945 4532900
31717 6187 2488200
74190 14681 7981700
60713 12821 5763500
69373 13469 7036800
66623 14241 5939500
54042 10819 4327700
55094 10391 4403000
42784 7913 3437700
40110 7537 3031200
26132 5509 2098000
82704 16121 8876000
44564 9063 3975900
67956 13149 5399100
51597 10447 4092600
48881 9243 3699800
83336 17579 7068600
27707 5385 1972900
22713 4787 2356400
19570 3715 2468400
71573 15031 5886800
29133 6237 2612900
48722 9947 3603500
44969 8525 4400600
70186 14877 5723300
90847 15559 6893600
36132 7397 2523400
3398 735 194800
58805 11441 4248100
23416 4827 1957600
79139 15849 6626000
52787 8945 3531400
3218 695 180800
82809 16861 6040900
60150 12783 5810300
15706 2707 892000
41980 8995 2951700
89711 17947 6830300
13989 2943 884100
30535 6317 3007300
76995 16427 5517100
34019 7203 3422700
49792 9019 3179300
73120 14663 4920800
1815 395 204800
71803 14309 5119600
61204 10625 4606300
21014 4137 1303600
46871 8479 2869200
22431 4677 1327200
56383 11005 3919100
54089 10857 3512600
15405 3223 918200
54256 10501 3649900
82694 17305 6094000
19256 3573 1067200
19666 3671 1965700
17315 3463 1044900
44908 8963 2870900
3405 721 185300
73485 14253 4681000
15664 3019 867600
68252 14117 4412900
66415 14227 4296900
88291 17693 6180100
58418 10135 3534600
1946 415 90400
57352 10925 3596800
15062 3215 837500
30863 6513 1797700
27159 5169 1591600
47170 9145 2871700
65615 13585 4153600
89817 18953 6980500
56071 10533 3289700
33016 7015 1925700
90491 18203 6107500
84037 17263 5069500
45082 8379 2893000
50940 9387 2944900
26771 4829 1373200
44599 9127 2537900
3309 667 153000
90932 17309 6284100
54829 9485 2873100
87995 18391 6740900
34354 7039 2168900
87673 17175 5204900
57467 11415 3320400
13723 2785 1001400
28875 5471 1740600
39693 7947 3111600
32872 6307 1731300
84757 16495 4819900
62274 12877 3478000
35327 6769 1905100
77258 16029 4562500
50014 8949 2538400
25736 5505 1329000
78361 15613 4865900
33604 6771 2385200
8329 1675 537300
61592 12887 3442100
57405 10379 3547100
22959 4905 1192100
64885 13303 3573800
64526 13765 5292500
28404 5881 1467100
3335 713 145500
76231 15195 4299900
40987 8741 2258000
56902 10283 2941400
90275 18405 5027700
71122 15031 3907800
48398 9781 2898000
87873 18243 4946200
27812 5877 1418400
90269 17617 6975100
76612 14781 4067600
43669 8349 2232700
88348 17675 4903900
38229 7883 3139100
64360 13539 5909700
37389 7689 1892900
6817 1397 305900
29061 5753 1433400
13493 2749 765000
67769 13563 3610200
60211 11923 3029100
26529 5415 1308900
5496 1161 243500
66150 13315 3447900
86870 17641 4735600
88773 17689 5858500
28818 5911 1437100
81399 16573 4497000
57101 11875 3035400
10234 2187 1032000
54446 10797 3156400
84518 16545 4563600
82529 16287 4445400
70964 13723 3815500
55267 8583 2680400
44797 9081 3804000
1616 347 190300
18189 3583 897700
46059 9349 2523800
84286 17715 4713900
86264 16683 4608000
2734 593 112800
63527 13419 4175700
56318 10043 2851600
17959 3625 860200
73037 15497 3999300
66527 13483 3915100
31319 6345 1817000
70103 13893 3713700
54352 10261 2782000
81555 16295 5306000
47383 9717 2500300
21437 4217 1018000
29935 6221 1657800
71607 15049 6227800
16855 3497 906700
40174 7601 1965700
56009 10987 3064300
56820 11495 3280800
56631 10685 3078800
21819 3647 963600
44910 9049 2378300
35645 7419 1822100
31457 6409 1678600
9616 2015 443400
12132 2617 573900
187 41 6900
71191 14613 4059300
212 39 15200
44529 8919 2270800
55256 10465 2814200
76079 15543 4427700
63343 13287 3523000
90378 18483 5757900
14217 3067 677400
42574 8097 2106900
64917 13691 3494200
386 81 29400
56084 10917 3719900
41950 7883 2101800
18756 3909 931500
34269 7205 1764700
26292 5629 1312100
2544 509 102100
49515 8503 2450200
86892 17987 4770200
33813 7167 1978700
57011 9689 2739500
33016 6663 1677800
87413 18647 4949200
70225 14857 5184800
36700 7615 1911500
68280 13519 5013100
7518 1471 328400
44851 8807 2292200
1439 293 116600
23991 5037 1199500
7485 1401 329200
49545 9913 2707200
43407 8845 2931000
3507 751 313300
17125 3721 847600
41301 8747 26819000
2390 443 93400
48760 9143 2411000
23801 5041 1259700
86735 18429 4905500
67104 13439 3867800
29592 6453 1525800
59297 10453 3094500
41651 8401 2110500
78050 15407 4342000
80596 15363 6292300
25222 5343 1270500
26204 5549 1339000
30214 5621 1412700
26092 5341 1280900
55704 11167 4011000
28849 6125 1461900
37949 7867 2579500
37769 8029 1975700
62534 12883 3375000
5484 1067 235100
51928 10353 2677000
15303 2471 643500
36940 7527 1925200
47957 7887 2243100
84695 17227 4670600
33413 6567 1628600
23177 4989 1602200
10672 2183 462400
80966 16781 4488800
74227 14167 3996800
89247 18313 4978000
35853 7073 1804400
73389 15091 3943800
7154 1453 317000
8692 1817 393400
13930 2891 649300
45841 9571 4381900
86799 17493 6553200
10362 2275 486200
32428 6693 1678500
31672 6605 2128800
52502 10313 2722700
68431 14083 3670000
89906 16427 4887300
39602 7887 1991600
49771 10069 2635800
25579 5165 1234400
4535 847 399100
166 33 5900
43253 8703 2228300
5098 1057 482700
82307 16877 5218400
64580 13273 3563200
50729 9069 2521400
62878 12695 5037300
43070 8641 2270400
19099 3645 889900
81407 16343 6546900
66318 13313 3538300
58870 10963 3012800
31402 6711 1674700
50924 9877 4531000
46263 9247 2698900
43389 8511 4565300
13820 2853 661300
28489 5997 1452400
42023 8525 2863000
7787 1489 367200
8878 1847 434900
17010 3321 788800
3406 713 420500
3468 735 205600
34090 7323 1793800
10196 2087 465900
13571 2947 647800
15261 3157 754600
56896 10983 3004600
59836 11569 3071400
58097 8633 2738200
51760 10207 3238900
49131 9385 3442600
81151 16117 4454600
86602 16855 5156600
62756 13467 3454900
48557 7909 2322700
31670 5649 1524800
47460 9601 2552600
53721 10733 3366300
27000 5769 1335900
14944 2997 1243400
19915 3881 943800
24046 5071 1234100
39081 7965 4535100
86213 17963 4812500
37128 7201 1871800
45729 8323 2247700
72208 14765 4355700
16908 3069 747500
39202 7949 4387700
2843 599 263400
56276 11667 4504100
40074 7349 1904300
10254 2179 971300
39611 8233 2515600
71359 13551 3784600
70568 14587 4206300
88931 18659 5066000
7510 1533 735900
52885 10023 4884500
56569 11443 2960200
41343 8255 2134200
71773 15027 3974000
86160 16623 4571500
60973 11923 3313900
14296 2823 671400
24095 5075 1211700
22032 4581 1098100
24320 4999 1209000
46203 9021 2866400
72775 15395 5789400
74457 15733 5190500
26877 5739 1325100
54498 9859 3850800
58353 11429 3002700
37255 7781 2981000
53814 10011 2741300
89009 17071 5165500
78120 12265 3781400
34647 7045 1726200
51027 9731 2613600
9947 2037 444200
47341 9533 2662400
85593 17579 5845600
12936 2725 617300
6973 1365 313000
25272 4777 1208600
53485 10207 2719000
41578 8553 2871700
52570 9605 2715100
13701 2959 661900
68471 14239 4450000
88598 18507 4914700
76718 15693 4681900
19675 3823 924700
25342 5179 1256800
51461 9611 2581900
39044 7859 2722100
81750 15719 4588300
78737 15537 4305700
36716 7399 1871100
87151 17779 4806800
39326 7727 2016400
935 177 33500
80796 15871 4579300
66394 12265 3416500
18686 3471 834300
39632 7817 2047400
76607 15405 5803600
72818 14673 6190200
33559 6695 1701600
1173 277 140700
31645 6841 2054300
60919 12661 3255100
49300 9707 2522600
73441 14127 3862500
31398 6591 2185700
60083 11451 3407700
62815 13325 5145700
74993 15647 6677600
10573 2181 494900
86627 17779 4796900
83330 16041 6249700
44548 8499 2625400
24869 5141 3459100
71970 14967 4834100
43568 7865 2134600
58108 10301 5221700
28554 5413 1411900
65737 12453 4376700
79765 14221 4136100
23755 5179 1196500
66337 14177 3614700
35800 6593 2597200
34483 7117 1728300
6765 1369 293800
41929 8331 2063900
58595 11661 3087700
64124 13121 3376000
24038 4439 1628400
34206 5669 1601300
64838 13789 4301200
52612 10649 2725600
27561 5537 1340600
71059 15495 4489000
187 39 7400
32958 6337 1646400
61620 12327 3159500
48876 9169 2443100
51297 10459 2770100
40641 8077 2074000
59200 10437 3019500
63559 13389 4631800
81671 16575 4468900
52203 9859 2687700
81553 16995 5230800
34658 6643 1732800
58816 10613 2911400
46539 9415 2397700
23965 4993 1212100
21015 4225 1027800
68469 14381 4727800
76443 15735 4852500
62759 12669 3258600
69102 14815 4761800
15197 3195 725700
18984 4039 922900
64148 12997 5338700
41073 8277 2067000
66166 13931 4454300
30229 6369 1574700
70081 14323 3753000
88903 18887 5095600
53337 10341 2724500
31938 6173 1558800
77531 16413 4212300
36530 7649 1870400
3510 689 412900
37052 7663 1926900
9990 2145 472200
78570 15295 4312500
82109 17283 5002200
12433 2595 724500
72494 14335 3795000
55836 10707 4341300
38252 7453 2699800
27265 5883 1630500
49816 9935 2640300
75204 13789 3856900
31775 6497 1853900
83994 17445 4704800
57239 11137 2985500
31913 6493 2080000
37857 7119 1865800
56897 11455 3366600
75368 15505 4135500
49572 9521 2516300
16008 2855 710900
46642 7479 2237200
5080 1047 227800
3073 603 178600
62198 12561 3905300
20964 3101 861900
43270 8749 2740100
63324 12991 3500200
18602 3749 1152300
39928 6679 1942000
7994 1547 860600
24050 5141 1203000
87982 16827 6156700
67059 13053 3589800
64667 13923 3563800
32870 6479 1621800
72861 13651 3814400
88853 17513 5818300
70843 15007 3875300
75951 15325 4084000
65219 13591 4183600
26890 5671 1348300
83921 17615 5508300
54110 10525 2843700
60594 11021 3003000
14467 3043 691300
627 145 22400
40876 7163 2425700
74752 15517 4203200
77382 15969 6286600
43359 8823 2192400
8306 1813 834300
4529 929 187900
19993 4295 1002200
31733 6749 1643900
3866 769 365300
30056 5573 1407300
65577 11197 3357300
11719 2399 723200
7241 1435 693000
24639 4977 1206600
22636 4811 1143500
60672 13035 3318900
52090 10689 2722000
74335 15121 5556600
33911 7005 1749400
79354 16021 4405800
51819 9021 2558300
58272 11107 3515200
29632 5967 1471200
11002 2317 1291200
72592 14593 3829600
33073 7011 1663000
63487 13713 3530300
52395 10409 2767700
45297 8829 2354900
53402 11115 2874700
22874 4559 1085900
29092 6109 1499100
3218 635 130100
64661 13595 4407500
45813 8809 2427600
29237 5065 1370500
9017 1963 422600
6548 1387 290400
50250 9131 2803000
62331 12385 3912800
3742 757 155800
64843 13475 3447500
68487 13695 4335700
59857 10641 3068500
39547 7777 1998000
45344 9457 2365800
49169 9749 2966900
64536 13583 4621300
20098 3927 1037800
26869 5757 1363100
5879 1237 562100
21918 3933 979300
64733 11761 3254700
76441 15447 4655100
34091 6969 1699100
50652 9137 2521300
51135 9541 3470600
2023 425 82100
42912 7185 2085300
85205 17133 5393000
37627 7679 3481500
63318 12959 3991900
57770 11473 3013000
49795 9831 2607000
81743 16327 4549000
43643 8925 2275600
17387 3515 823600
89315 17373 5581000
90692 18659 5980800
14427 2961 670300
8375 1835 384900
39171 7903 1997000
5750 1117 603300
46890 9517 3409800
48407 9693 3383500
42568 7859 2537100
71032 14889 3836900
86394 17335 6479700
22325 4503 1097900
32256 6679 1625500
23927 5173 1229400
76893 14731 4706300
78874 16451 4328600
73800 15663 4776200
7158 1461 298100
32949 6631 1623200
31130 6243 1540700
41653 7991 2103500
87607 18031 6994400
15514 2983 704000
20340 3941 947700
64663 13359 3473900
15912 3437 771900
62455 12067 5115900
52510 8729 2551900
65970 11023 3230300
75116 14359 4074200
83577 16611 4487600
33689 6957 1722900
41048 7699 1985000
66398 13577 3535800
63298 13137 3407000
24186 5299 1225900
4572 995 200400
60881 12899 3304500
3862 835 163900
85445 17115 5292500
13618 2833 663600
90672 17865 4959200
75086 15725 7653400
82848 13233 5562600
83061 16215 4538800
70188 14265 3768400
39377 7787 1970900
37290 7383 1948400
81819 17395 5361500
2816 581 110400
17947 2671 761600
33709 7001 1729800
65179 13719 3531600
47753 10151 2991200
20880 4367 1050600
63488 12641 4235000
83542 17329 4582500
20035 3535 889000
76407 15903 5014300
90900 18537 5114100
28735 5897 1366800
86327 17791 5512800
63837 13379 3432100
69163 13467 4981400
84125 17075 4554100
9501 2057 1346700
10565 2237 504800
19202 3923 905100
7024 1373 628600
11089 2433 548800
64234 13663 3589100
17120 3385 822200
75107 14437 3982400
23345 5013 1164300
23704 5039 1414800
17008 3229 776500
81146 16877 5320100
1670 365 149100
65140 13201 3487300
76558 15281 4142900
49344 10001 3211800
21550 3443 948600
74405 15883 5244700
4956 1051 271700
87963 17041 4689300
81052 15677 4839200
32747 6361 1628600
79533 16717 4989300
83808 17151 4602800
65458 12451 3642100
53834 10347 2774100
64042 13379 3526100
40743 8171 2096500
32793 6827 1651800
71337 12601 5396600
60172 11993 4386800
40126 8461 2087500
8062 1587 344600
3361 741 148400
83282 16903 7387000
57259 10557 2969700
33281 6807 1709200
